image: /home/sphero-rvr/F.pgm
resolution: 0.020000
origin: [-34.280000, -1.000000, 0.000000]
negate: 0
occupied_thresh: 0.65
free_thresh: 0.196

